parentID=12201
pattern
numObjects=81
12161
12164
12165
12166
12167
12168
12170
12171
12172
12173
12180
12181
12182
12183
12184
12185
12186
12187
12188
12189
12190
12191
12192
12193
12194
12195
12196
12197
12199
12222
12224
12227
12229
12231
12233
12256
12258
12260
12263
12265
12267
12269
12363
12361
12360
12359
12358
12362
12364
16626
16627
16628
16629
16630
16631
16632
16633
16634
16635
16636
16719
16721
16727
16729
20711
20714
20565
20566
20715
20718
20719
20716
20725
20726
20727
20717
20728
20729
20730
20900
20901